6.193621162436312444e-01 2.538596244379689396e-04 -5.778688418119219961e-01 -5.460213195731523639e-01 1.012265543232125697e+00 -7.943217946496218262e-01 -1.343444313998842787e+00 -5.203882624419723379e-01 2.067143825028478599e+00 6.040375639461849078e-01 -1.405151539280817596e+00 -1.021495068346200408e-01 -6.848195533775585098e-01 1.628999712230726704e+00 -6.137535408632909251e-01 1.280777132746105718e+00 6.394279764958740175e-01 -1.136635767366434902e+00 7.172863009535266343e-01 1.314470847992340596e+00
7.903627660299390456e-01 -1.499961175898356425e+00 -8.902612333711534820e-01 1.075701405182992287e+00 8.579253917983169497e-01 -1.641501941756504657e+00 1.468561624824087808e+00 1.996455867226374845e-02 -1.330224184661121523e-01 -1.403958356231685745e+00 2.818454503942238731e-01 2.233093680371857626e-01 3.275958141805141582e-02 3.996225015137702119e-01 1.109736552294146916e+00 5.648552469233799611e-01 -4.855860269183644440e-01 1.491287300861093179e+00 7.973979482990875556e-03 -3.330757649679519927e-01
8.156669332288745133e-01 1.137185009881574782e+00 -3.350379122259697362e-01 7.484264619118282669e-01 2.279890694498111769e-01 3.724736581916272549e-01 -1.150544203527384957e+00 -1.177435084417543187e+00 1.422154437081176059e+00 1.001542703324661776e+00 8.217273255250396868e-01 4.291824577867791035e-01 1.388094930150748363e-01 -7.977031407356064419e-01 -8.669385472809681970e-01 -3.668768968716648593e-01 1.413355916253723477e+00 8.239439379209901881e-01 2.809630593001559706e-01 6.472600461427790997e-01
8.327789435356917069e-01 -1.074038345397787753e+00 1.387118581099814785e+00 6.142890966889168469e-01 3.228497828845877105e-01 -6.896304994697310953e-01 -4.121359405690352418e-01 1.982022198687407311e-01 1.234148907888593882e+00 1.801953674150816642e+00 3.213019105826795951e-01 -4.251531212833554174e-01 -1.350520176894359325e+00 6.808414922292106430e-01 -2.539316392267722655e+00 -1.578311383076378638e+00 1.122591463447361049e+00 1.011054352954869229e+00 -5.567432573338182422e-01 2.255361571801721698e+00
-1.209851804323011093e+00 1.372260166812096394e+00 -2.742886263147174208e+00 -6.017493623895119326e-01 -2.486433880084286230e+00 1.016083063138613296e+00 -1.613787600863205496e+00 -1.630605875722649367e+00 2.044813070666437138e+00 -3.002304232729648414e-01 9.384439879892918501e-01 1.760802311995525726e-01 -4.296371446168660846e-01 3.863413548168661560e-01 -1.021958318176845459e+00 -2.973718800201496926e+00 -2.178210089401260430e-01 -4.516881977606959087e-01 -5.612489252827106839e-02 5.594557174134587862e-01
-1.553879207520868055e+00 1.513218384345086098e-01 8.315936337700418068e-01 -9.019598466180284158e-01 1.915078631229957251e-01 8.871210077024373197e-02 -8.976375362236135858e-02 1.927833946037941226e-01 1.643918133157620920e+00 -1.711817652345908547e+00 7.610204977781140911e-01 -5.256911848130565446e-01 1.303711685715893687e+00 8.888847757483470113e-02 3.867502983010192574e-01 -1.552940132448389576e+00 1.540285778387103788e+00 1.015080002142385140e+00 -1.085912740503928650e-02 1.326413899614745429e+00
5.397296386355876496e-01 -1.774521608153513785e+00 3.482045637458185960e-01 -6.686418953624464478e-01 2.459461519215977721e-01 6.997159679919108255e-01 7.820206213243475757e-01 -9.376149249022680543e-01 -1.309683779960868488e+00 1.397167300609821750e+00 2.022898184818534784e+00 3.549230955813634930e-02 6.115837412188732669e-01 6.978974985291451771e-01 -4.240643525531473390e-01 5.084801104511227354e-01 -4.475776802001396604e-01 1.341514963889742229e-01 2.841018473195834559e+00 3.793824454861741691e-01
5.841603874239147398e-01 2.186531360690988635e+00 -8.340328438712872605e-02 1.514916665050168199e+00 1.923671521390193595e+00 -1.218599244779903223e+00 -1.041482680317265874e+00 -2.321675572409820809e+00 -1.057658129294090976e+00 2.217755748922829451e+00 1.312988062541379675e+00 -2.195383287959760954e-01 -1.473931909548567454e+00 5.565862692352013807e-01 2.283041590892525841e-01 1.015143761137201839e+00 -3.396792220957525754e-01 9.387165428598161221e-02 8.122643411058938501e-01 6.596247641818294705e-01
2.457660263000018830e+00 -4.089102469598029921e-01 -1.248359473687448817e+00 1.372354656139350704e+00 1.161484228521552226e-01 -6.981866266516574548e-02 -1.418584285278559509e+00 3.252954390464116163e-01 1.871341583931317720e-01 -1.221075702972473698e+00 -2.754007078896273941e-01 5.172437516854353490e-01 -2.896622056651993460e-01 -2.246453319210835187e-01 8.644515266601444647e-01 3.213718616770795400e-01 -1.693142288973329135e-01 5.627505596039634739e-01 -5.646507312538097123e-01 7.959752190336889521e-01
-3.288531435595042351e-01 -2.576332352095120903e-01 -9.771014899115156860e-01 -1.287107166035217576e+00 2.084407257470017316e-01 1.965999394503480602e+00 4.384769731688353267e-01 -2.276233260804336467e-01 -1.407330316167567208e+00 9.492870767272519883e-01 2.270972743559445672e-01 1.547440255339586956e+00 4.700212055079905360e-01 5.860229474449860643e-01 6.499117107897941503e-01 -9.929259309413098755e-01 4.739893870230155737e-01 1.282210132045954465e-01 -4.085630317371546916e-01 7.973272428417294000e-01
8.522297735070071267e-01 3.665377679951472567e-01 -3.702170275356072571e-01 -2.521683973125571909e-01 2.682082925490423708e+00 2.596208217288492603e-01 -1.443979042445790562e+00 2.434942459012570559e+00 -1.248397908596300843e+00 1.300989715185942419e+00 1.348411284663098897e+00 -1.056183033056154130e+00 -7.662572618612012443e-02 6.717962510307279311e-01 -2.461959723772430275e-01 -1.805945152322316005e+00 -7.703991371335232596e-01 1.647829941388303965e+00 -4.499591589214331777e-01 1.252467663640149054e+00
-1.735390430806315942e+00 -9.925049013014178856e-01 -6.711914276151498271e-01 -8.993309055533793561e-01 -6.102481104908541454e-01 -1.509782636567179037e-01 4.683687521879521531e-01 -1.042044359596552727e+00 -3.318484539058940141e-01 4.466381520373835512e-01 -7.290087837885192990e-01 -6.954015247883311712e-01 -1.676048141844380224e+00 7.260385790604563239e-01 -8.176402424330948548e-01 -7.056086248157866780e-01 -1.048559485140791780e+00 -9.960414443399454587e-01 3.156176648160888831e-01 2.016502642753921770e-01
-1.113409545513234455e+00 8.819803285563547757e-01 -1.237689993595234128e+00 5.773329552273673837e-01 -9.688960280517380230e-01 -1.107872138031746667e+00 -2.390634159757565880e-01 -1.658733687074303575e-01 8.928685408245790045e-01 6.492051921299228923e-01 6.057563618351952117e-01 -7.474084990617028135e-01 1.119390007804274667e+00 1.187741528499720589e+00 -3.334231909940214011e-01 -7.328751087836452571e-01 -7.345423121418119816e-01 1.047783735372808112e+00 -1.192290399553469937e+00 -8.849727041597154065e-01
-1.690863384860544771e+00 -1.755054364498143782e+00 7.878358179337716649e-01 1.975623600731206964e-01 -6.444703428431616254e-01 4.760593436205397544e-01 -9.826526255982580282e-02 1.646410508938004336e-01 -9.945067773538156242e-02 8.019255373274002396e-01 -5.404262798539444246e-01 -1.076561266228230895e+00 8.108272691804886412e-01 1.402905466902914788e-01 -1.194789092870461311e-01 -2.641115762593219785e+00 -9.009543998792518549e-02 1.051564690615982789e+00 -1.290943057966301932e+00 5.359938844315976780e-01
-4.277556144048207942e-01 -1.244774880613690904e+00 9.598049169161368965e-01 4.704754641439792828e-02 3.455881905510632679e-01 2.030051845573662472e+00 3.676331931507754169e-01 -1.138514073849037134e+00 8.868116849684084535e-01 8.019856113672997333e-01 1.440762880623552844e+00 -1.149629734183741370e+00 -1.092969940697373854e+00 2.340360896274635283e-01 8.904585083396574507e-01 -4.562577770013222511e-01 7.798243628951048168e-01 1.865902046111539647e+00 8.878912654078656708e-01 1.424143485389269159e+00
6.542952912129985921e-02 -1.109921866175111571e+00 1.880584652699087977e-01 7.401954845878885303e-01 -7.492076385317871789e-01 8.633936611502626146e-01 -9.618738704900988701e-01 6.977006637947575918e-01 1.687737288933159330e-01 4.775910952288831002e-02 1.071836124576067001e-01 1.739749382055490345e+00 -6.388709183889113019e-01 -5.133199948519026057e-01 9.471634620336848442e-01 1.136728927513822818e+00 7.768845641484176667e-01 -8.491635372589028119e-01 6.035667673316528203e-01 -1.536810394618401521e+00
4.490095510110629906e-01 4.015139354601224841e-01 -4.834141076614378307e-01 4.831213557845902007e-01 -5.218590439432465589e-01 1.884591744584958928e+00 -7.151323796431118263e-01 2.902365326135630141e+00 1.619554226426632271e+00 5.020301499417002544e-01 2.669032801304195290e-01 2.119034093533154195e-01 4.504067940160830230e-02 -9.693752172346287166e-01 1.529757631998609035e+00 1.472004004788464382e+00 8.688111755021870053e-01 7.630101671744207170e-01 1.640262271838131003e+00 9.045532620237466404e-01
1.101263828234207987e+00 -1.257544685944235852e+00 1.307709979495568664e+00 4.016295168882704214e-01 -9.882272745698506000e-01 8.605187248944659584e-02 6.916034840625931990e-01 -3.507972107910625748e-01 -1.407489444775552601e+00 9.641107387197730416e-01 3.932893364347918030e-01 -6.443110116995296455e-01 1.280300203593164987e+00 -7.050001962436406311e-01 1.438565967095750242e+00 -5.754399463935807590e-01 -1.595525114460427218e+00 3.593062902219706367e-01 -4.340833661626795070e-01 9.704979047971464823e-01
-1.284979772117395225e+00 7.287267359114987242e-01 -4.261806626745043292e-01 3.943398848424154446e-01 -6.134672809522080383e-01 -4.330205900064448277e-01 -1.617441034219075480e+00 -1.113244386680633635e+00 -5.726934090619553164e-01 -1.612621077686396731e+00 -1.573514147284432729e-02 2.010520086136498463e+00 1.427083203796301714e+00 -8.614165232013115681e-01 -6.337170774797392658e-01 5.567778135326099109e-01 -7.939281486855019887e-01 1.267220445526437755e+00 -8.895304518538684757e-01 -4.712840942577480319e-01
1.555728010309231912e+00 1.541204018767081685e+00 8.379052176273724117e-02 1.594112649510900925e-01 7.717636415497727276e-01 -2.023721797993322635e+00 7.548039791792301445e-01 5.663326174283489500e-01 8.177524671927030031e-01 1.099286125398835967e+00 -5.232257791451428997e-01 -4.971537906038161481e-01 -2.324242427307902925e-01 9.598289667074576259e-02 -1.661363730799009231e+00 -1.877236315781679821e+00 1.262862739139747559e+00 -8.447304750112878402e-01 -2.277623229001558142e-02 1.065152006916881389e+00
-3.865971968741148124e-01 1.980597507978807625e+00 -2.951543511109586126e-01 3.438376026617230852e-01 1.342932034017683129e+00 -3.172142533844142798e-01 -3.088748861979757065e-01 -5.851143867999424319e-01 6.968875103064215981e-01 8.324526723252581029e-01 1.493400409412147578e+00 -2.597365391862482831e+00 -1.103579372404829728e+00 1.762483675880305994e-02 -3.222602560960173279e-01 -1.227670915860340078e-01 -8.617047917335345364e-01 1.141805271958351298e-01 1.643639152706101836e+00 -1.036877663492569379e+00
8.112307133948361004e-01 9.701617466432468362e-01 -1.709797281444163985e+00 1.934950316089612876e+00 4.369996836994360923e-01 1.458000108760757918e+00 4.492471589354479766e-01 -1.958499028658748919e-01 1.645503130615091902e-01 5.203179359929671621e-01 6.547538410342257365e-01 -1.729986421266296093e+00 -5.168786452324629632e-01 -1.412985526805534242e+00 3.577122478061747213e-01 2.990417806921746302e-01 6.794227316992161869e-01 -1.351152106304629452e-01 -5.884136958598967793e-01 9.337860401504751717e-01
7.978492328449757753e-01 7.957531193547136006e-01 -8.176598849965552862e-01 -1.172738222734352576e+00 9.302605433959456604e-01 -1.601991640118503035e+00 2.010781871289989142e-02 -5.627210511326972142e-01 -6.727641255383430829e-01 1.218676555268997541e+00 -5.591181940689599755e-02 2.824656877451196535e-01 2.106423490792187769e-01 -2.387371885630532375e+00 -6.243546710594610749e-01 3.844943487740927202e-01 -3.913339128046643828e-02 -3.368766815028644696e-02 -7.829322717906106455e-02 5.186258294887933218e-01
3.456954954569194660e-01 1.435641825562235185e+00 1.893073603233858426e+00 -1.574624752820014129e+00 -1.739705457888845341e+00 -1.923699380657788671e+00 3.769686489154585041e-01 8.667496777215952797e-01 1.641713862498637155e+00 -3.457538585210748749e-01 -1.014376057475698589e+00 1.920883096195853401e+00 3.479871787296195396e-01 1.128649353207490602e+00 1.824492713324706195e+00 -1.763496753886541479e-01 -3.212765492937965095e-01 -4.773706451621834712e-01 -4.031403042154407812e-02 -1.893005661449824295e+00
5.422874784566731332e-01 7.437143353578219429e-01 2.724695462409669200e-01 -1.044065860152453729e+00 1.262877621834497255e+00 6.874985876317879496e-01 -6.602210791229765618e-01 -3.970214726927571158e-01 1.299927530572666523e+00 -1.379583865388493980e+00 -1.881627435851439767e+00 -2.335093422908868233e-01 1.413542710191022067e+00 -5.679083360178946438e-02 -2.412225798358953899e+00 -3.220214816376586464e-01 -3.491882556532837582e-03 -2.594955942531152471e-01 1.057816663391437373e-01 -1.661060561898518140e+00
-1.032610077929918324e+00 -7.019708800264299331e-01 1.487843127622221762e-01 8.097023639580446241e-01 3.500755508326161558e-01 -1.262210987153328912e+00 -5.860915950571539135e-01 3.655044724779284993e-01 1.595322678357716240e-01 7.480503354452688880e-01 -5.664291856708861816e-01 1.077164144345375663e+00 -2.351878886253586931e-01 -1.931642551844902078e-01 5.659668766883632074e-01 1.232715794638329143e+00 -1.568462416057736508e-01 8.907675251171096598e-01 -5.170098502816069530e-01 1.552944118099208959e+00
-3.109060039704160672e-01 -1.103942511409834737e-01 5.126046597999601717e-01 -1.123176624676115676e+00 -9.264426616420347038e-01 -1.612596240245165236e+00 -5.062925648611098506e-01 5.017248909373568377e-01 -5.919287931164544103e-01 2.081884967301024791e-01 3.661430982644762189e-01 -1.192311853664347998e+00 1.266331348758703124e+00 1.145389243413923896e+00 -1.352463384213558051e+00 7.660363925193578449e-01 -9.463927328756187585e-01 -7.262271641839664893e-01 -8.951084555834408762e-01 1.457955841628217453e+00
-4.049532644945212645e-02 1.331509010873111354e+00 -2.150129837772775110e-01 -5.088588092451385991e-01 5.251552850407064099e-01 8.635058307218328455e-01 -4.887736553073983026e-01 2.698500660027171039e-01 5.925730762931038509e-01 2.836644517625539930e+00 6.502971505889388881e-01 1.517932854371852880e-01 1.113860534161414062e+00 2.200101179066780710e-01 -1.808154820856906209e-01 5.824725577040400504e-01 -1.920368505630335731e-01 -4.309036911903552647e-01 5.248942827629043961e-01 -5.699602745082290589e-01
7.928761014969896159e-01 5.063736543969433734e-01 2.549209899723942074e-01 -1.476645600582148443e+00 -1.113905373759326523e+00 -2.206081016879350543e+00 -5.795621305373861720e-02 -5.965206703389361875e-01 -1.039327629813980192e+00 -6.524376078799051237e-01 7.102721889291020441e-01 2.355015883474289029e-01 -1.522558758643026422e-01 -8.958872036611998935e-01 -9.789590396283947005e-01 1.149915175532139955e+00 3.528292139941095473e-01 -1.818824352784545351e+00 5.634595726684080708e-01 4.740555437982644782e-01
-1.851324064316022255e+00 -1.526303460865892081e+00 -3.254035345931811651e-01 -1.250642183792575857e+00 -6.898415039321372788e-01 8.018347234739184870e-01 1.352826450069292419e-01 1.209829967738798917e+00 1.896215094644914556e+00 8.405377721190989693e-01 1.146419403306461332e-01 -1.036301497863803878e+00 -1.478168116933362697e+00 -7.996363547495524138e-01 -4.346382273820149078e-01 1.241919677705450198e+00 -3.233798125432275072e-01 1.605295587081933206e+00 8.759189403954631414e-01 2.470992552087868943e-01
1.738850389629117976e-01 8.080631618415986539e-01 7.585095857046280088e-01 6.817900314132471218e-01 1.436689452097687614e+00 9.275208068592196708e-01 -1.542867431701171910e+00 -1.202894442116536844e+00 -8.417302926532272966e-01 7.285344771309157919e-01 -4.365850344791059601e-01 8.586453748655474838e-01 9.638301326175802153e-02 -5.856670663563686707e-01 1.331612788036809381e+00 -9.860304509941079099e-01 -4.219678745953999166e-01 8.623040964501955952e-02 -1.804223256746450232e+00 -6.960741538454932043e-01
1.071154248184353452e+00 5.641793946370026180e-01 2.138556840849528129e+00 -1.781325867816401010e+00 -1.206365011900116385e-01 3.955758552779814474e-02 -4.242983304851469240e-01 6.131610549079864469e-01 -7.193193953145279318e-01 1.096505476408941915e+00 1.251040907878741892e+00 9.349611950730218890e-01 -7.421246379246523306e-01 -2.146336477157135825e-01 6.552988031834695581e-01 1.001764502894463060e+00 7.639021019121589040e-01 9.605688146129863769e-01 4.418042382137385982e-01 -2.285558011198801920e-01
-9.108512552429827158e-01 -1.144045802008353707e+00 1.247856884354200391e+00 -1.951998919110975450e+00 -7.412301082831785903e-01 9.911796519274582717e-01 -1.340170419171685112e-01 3.220713675063728409e+00 1.098520728233437049e+00 5.179705205020021519e-02 4.288622899969763980e-01 -4.255212489783440910e-01 -6.203553648059956932e-02 -2.691814939267008280e-02 -1.093162822495373998e+00 1.528452298539839882e+00 -7.820434595314315063e-01 1.250171487881539090e+00 -1.602583671003838806e-01 1.863099728206117467e+00
-7.220800232061917734e-02 8.440954509714593268e-02 -5.920896493148231077e-01 8.646217185710401987e-01 2.544605780210707491e-01 -1.096140070746506767e+00 4.931421904786459920e-01 -2.436830813523434280e-01 -1.166963951266058119e+00 2.293354862044810094e+00 2.417562530980066349e-01 1.653115620359973947e-01 -1.871947830573505334e+00 -1.125378732942598603e+00 -9.331040925538721664e-01 6.677422519350677543e-01 6.640261108436543713e-01 -6.722268022191946191e-01 4.677499940289792102e-01 -4.113015316649174524e-01
-9.195968389888224681e-02 4.493943759603594157e-01 -1.546061745424151868e+00 6.478231944947854259e-01 6.807272830105453032e-01 4.868543046477436520e-01 -1.185716586806222494e+00 -1.826017011546130497e-01 -8.198764013027332043e-01 1.171225957798170958e+00 7.358224698879232140e-01 -8.063021374363862348e-01 -1.763087491036987586e+00 -1.780680939926019057e+00 -2.228581777008403764e-01 -5.224919950886295350e-01 1.886540359117958143e+00 2.706359346397815835e-01 6.708984757228652063e-01 3.466282995925762389e-02
-5.768234210953302465e-01 -2.044597792217414667e-01 4.578043039161525107e-01 2.411991362807471700e-02 1.333732621141095365e+00 -1.121766202747696894e+00 5.014036252527064308e-01 -7.112115864279883182e-01 1.430617549971878510e+00 2.754521351135347795e-01 -2.027334228774375080e-01 1.962499634148862915e-01 -8.133231309316369950e-01 -1.178752708817445649e+00 -9.603977166109528563e-01 -4.792295190458171761e-01 1.054470572202168110e+00 -8.572415416956722378e-01 5.448610062044644264e-01 3.178650124579050495e-01
2.636821702241277585e-02 6.215367033933314606e-02 -4.570126811520842658e-01 9.021278860727129090e-02 7.928522023537927232e-01 -1.689516707634412418e+00 2.696457575272953044e-01 1.214140393429784942e-01 -4.697605998479227329e-01 -1.105531670860390170e+00 -1.092248052589756435e+00 4.494190888715139942e-01 -1.373593564081856844e+00 1.708178919482527258e-01 -2.083592644416148165e-01 6.395818871486006474e-01 1.814764649924065054e+00 1.218367029627906772e+00 -3.635879407741714198e-02 -2.274628859863117025e+00
5.289123528525925266e-01 -1.703247792273919203e-01 1.247561055993710921e+00 -1.162165820351964418e-01 2.918390944688590283e-01 2.929879302947099529e+00 3.970945725011790217e-01 -8.974525583228786241e-01 9.660491047158318301e-01 4.676421056251116037e-01 1.191372398346240313e+00 2.417017595871160662e-01 7.867667827515863188e-02 1.341949631106469587e+00 1.365816960996027341e+00 1.380900896181554538e+00 1.034681715944156366e+00 -4.174365687860761565e-01 1.674280881672753421e-02 1.255654261983476724e-02
-6.978701533884573704e-01 3.862520492049444920e-01 -2.899101460824704102e+00 9.450014955220283897e-01 -9.911587773754966246e-01 1.363285922548300944e+00 1.376119575140695384e+00 -6.368239949207283868e-01 6.551305468556389844e-01 -4.324904583228147970e-01 -3.648564463440185507e-02 -5.468963770394593693e-01 1.061231816208602297e+00 1.063299737121981892e+00 -1.051730811450019232e+00 -1.068768479187277159e-02 3.664760773231700020e-01 -1.431079401492262093e+00 2.128323178277966854e-01 -3.974342465780307254e-01
-5.850872691633397515e-01 8.556150607179976442e-01 3.973907016208920728e-01 -5.259860721944288331e-01 1.234397882894105569e+00 1.882780335770064539e-01 7.235230025345386860e-03 1.456030817968132496e-01 8.164891936246707060e-02 3.778007524040241649e-02 -1.492123115476409190e+00 9.367260111858969340e-01 -1.011774376834555511e-01 -1.742177024322799084e-01 4.809347279111084728e-01 9.703782574791838256e-01 -1.333461410783432610e+00 2.736995269458812330e-01 -6.860841896673592899e-01 4.374445399712068028e-01
-1.831742315305403268e-01 6.997332844927479645e-01 -1.663855567439349592e+00 -7.952845759751269172e-01 -1.056248944382479626e+00 -3.007389010039971389e-01 1.190380067480314996e-02 1.171684354863453681e-01 1.867540337542605289e-01 -1.045527833741763807e-01 -2.255440019003754237e+00 3.973602154826385568e-01 1.526749655799214400e+00 8.361144745597365313e-01 -5.350881827731920337e-01 3.387260870077409280e-01 -1.021361894122037484e+00 -1.180478005089043769e+00 -2.643977852063042810e+00 3.911690799013081143e-01
-2.620368447377313004e+00 9.052605132047393532e-02 2.634477028506270191e-01 3.965149476254882510e-02 -4.216937801986828660e-01 6.030526946212577677e-01 8.550021961290791284e-01 6.132459676434518503e-01 2.571771931100692576e-01 -7.158491998694476166e-01 5.532199294001381995e-01 -6.447456506317549296e-01 7.089185525938114518e-02 -7.885331950400844558e-01 5.891494465986942819e-01 2.708284092808579846e+00 -3.294656899162283215e-01 -5.377894225556408836e-01 1.004989082719227600e+00 4.442126077244388793e-01
8.462542051662109710e-01 3.559467444549989645e-01 -5.732619408636414615e-01 3.697335987935431167e-01 -5.543160580370493085e-01 -1.921099543779767549e+00 -8.268323863998479351e-02 -1.309805131462856487e+00 2.960935578978061700e-01 -7.786538776439846377e-01 -1.910633199632723489e+00 9.672296987402513313e-01 -8.048929108031505075e-01 -2.111099322321812632e+00 -9.626297868338556940e-02 2.746605674330935276e-01 -1.267565289188363531e+00 -9.467762765759328847e-01 -6.295409234754321126e-01 2.070478534412659055e+00
2.982950136285830167e-01 8.120831821482973334e-01 1.234737065079569707e-01 -3.280045165326786472e-01 1.121632184690633860e+00 -1.345440411439849271e+00 1.534491572445675134e+00 -2.331011870044168710e-01 -8.222162751535525560e-01 -8.239185775159201253e-01 -8.455238308921384505e-01 1.639273617682254658e+00 2.171884246204272895e+00 8.830617353329986985e-01 4.090993617443041130e-01 -2.017947949740794833e+00 -1.129045793901454431e+00 1.629420237283089878e-01 -4.970359668075736148e-01 -1.990174840194431694e+00
-1.392882313086012847e+00 1.028670021210360330e+00 -3.709261147753770693e-01 -1.000478704213680015e+00 1.383191309056995388e+00 2.138302679783029792e+00 -8.687898872422675778e-01 5.631296679110667780e-01 2.992284969363184222e-01 6.125613646988181671e-01 5.749291405604270988e-01 -1.689999242276403635e+00 -1.790059217729724761e-01 8.666855157262649545e-01 -1.581972723778834189e-01 4.837464114570363960e-01 -4.440945672797488863e-01 -1.477849799394856278e+00 -7.620928936988146107e-01 5.790934376390333843e-02
1.092071061667072573e+00 -5.471793933373599872e-01 2.178481667127288635e+00 -9.012142832955462035e-01 -9.661860078254984607e-01 -2.293054479899387932e-01 -6.761928912406823811e-01 -7.704722589008414779e-01 -5.839003048236354187e-01 1.252430752499678945e+00 -3.992840845944176098e-01 1.619009624102099254e+00 5.722067146978682128e-01 8.345131493512548682e-01 -1.034933051779192370e+00 -3.022019302781411842e-01 1.255637217229631231e-01 1.604070414276176137e+00 1.662652165429053586e+00 9.483396035975339977e-01
1.437959794403121494e+00 -1.077609169904724773e+00 5.966173431364631963e-01 2.002689236450606522e-02 5.441015613355867364e-01 -5.880726802332852943e-01 1.268219850938843152e-01 3.893383423217239292e-02 1.097194076630047643e+00 -2.620933832865404600e+00 -7.738946715982769620e-01 3.864652116887467015e-01 4.179363569440200932e-01 5.796399094965660748e-01 -1.797536899624848417e+00 8.208970629109060280e-01 1.597421483657369023e+00 8.365931400811713603e-01 -1.093133718108501906e+00 5.328075691846440032e-01
-3.650226352242048056e-01 -1.865531415458062003e+00 -1.825840599345109450e+00 -1.215881835301019370e-01 7.850394382274188121e-02 -6.831247250924883385e-01 1.543533288967272377e+00 1.780739370125301868e-01 2.512126022734037512e-01 -2.370980807486366138e-01 1.253239626365175274e+00 1.097705783758137876e+00 -1.652394391173684918e-01 -1.040821613244110821e+00 2.952906123227661550e-01 -1.421545346209783345e+00 -1.592508237224543377e+00 -1.789879935723897919e+00 -1.337227001152971440e+00 1.217306773192377234e+00
1.046654916778329891e+00 1.255127623932584813e+00 3.389939262126515779e-02 1.159898266578422987e+00 9.195233928829502634e-01 2.354474280079251525e+00 -1.049354667618530801e+00 1.315802003190626006e-02 4.400996744114973880e-01 -3.786843106526527891e-01 -1.325248867708988643e+00 -3.712994623289521678e-01 -1.101410967948386777e+00 1.427118170652368567e+00 6.919458213827447413e-01 2.201090643188458040e-01 -1.099025547923101032e+00 5.170510683818045905e-01 1.683884773597095208e+00 -2.042413378931967061e-01
-8.088290764399846955e-01 -2.955848088650423477e-01 1.229958252847302091e+00 -7.886744385059409057e-02 -7.713865117705320795e-01 8.550109965169366832e-01 2.754088423014115494e-01 -1.535139997270950518e+00 8.625673812972538268e-02 4.563654763520832991e-01 4.702833244359286846e-01 2.362381143557688301e-01 1.045789494214407478e+00 -3.537480299056468547e-01 -9.444455580451337484e-01 -1.875136679272299267e-01 2.769283419085439429e-02 -3.077018527977012363e-01 9.575276731745209213e-01 -6.953266708056947687e-01
6.829969696006571445e-01 8.296597652077773721e-02 -9.949699027288078090e-01 -1.197825379429670045e+00 -7.307862876550826892e-01 -4.543202418722342983e-01 2.877330719851938223e-01 -8.733864261466313117e-01 5.536053499230448871e-01 1.032798014762811967e+00 2.588335764582708198e-02 -1.601490665045588901e+00 -5.515860648943176070e-01 4.755030785068175003e-01 -1.453288787314348518e+00 -1.766326133630912620e+00 -7.246203684899203967e-01 -1.150236826253942801e-01 1.027061970907853006e+00 1.357842495880641431e+00
-3.288017682184160573e-01 -6.975281321234533261e-01 2.196142158619099616e-01 1.080461736526937555e+00 -3.795891368062950244e-01 -1.591527609628573536e-01 1.277779652675814503e+00 -1.416842323176221274e+00 -6.458677242054945422e-01 6.412851369445189409e-01 1.146926969818945263e+00 1.410370573352225376e+00 2.957612203015725250e+00 1.134560355496178063e-01 2.434157227220442588e-01 -8.345448956153615760e-02 -2.718006845633558766e-01 -2.331658430094693812e-01 1.186411367548726760e-02 -2.717653336644448858e-01
5.874622870663446239e-01 9.780818828197652970e-02 -1.190594654548027709e+00 7.444425908707212880e-01 -8.113083748307817755e-01 1.325378871940756653e-01 3.487098953050996042e-01 -8.507481499095209676e-01 -7.130399660219033375e-01 1.255876321010365171e+00 -4.820725091552248154e-01 1.039150613576725224e+00 -1.555158743168804092e+00 -4.690003192801222576e-01 1.938909125703263681e-01 -4.132651883027400608e-01 -3.757882097014967338e-01 -2.385970197526183778e-01 6.441711548237130103e-01 -2.602783615753772484e+00
-2.830639105647378417e-01 2.857430622316390334e-01 -1.732160836032653251e+00 -2.428277422137850916e+00 1.125006245357371842e-02 1.301906446479334623e+00 4.752700230534433468e-01 1.124992474846067791e+00 -2.372489401765514594e-01 1.337984441520745138e+00 4.377958112523096246e-02 4.462954549269512738e-01 3.599503082300041790e-01 1.186727400312825642e+00 2.910958800417769443e-01 2.232146890534880690e+00 1.989589144838236345e-01 1.421172577877706455e+00 4.039116033184447785e-01 3.908854203855293696e-01
3.517138559279373577e-01 -7.933142270867264978e-01 4.252273594646162613e-01 -8.104938041631920553e-01 -1.667739885289644119e+00 -4.776545092702770279e-01 -3.835097464842879278e-01 -3.525538724627440001e-01 -5.305136508944936491e-01 2.771652981423524675e-01 2.108573928858796798e+00 -5.650644075389431586e-01 2.816123121947591845e-01 4.830298250211033650e-01 -7.381798944486414049e-01 1.824000690713645234e+00 -1.141211335483654166e+00 -1.176475741409375164e+00 -8.447113674658368598e-01 1.250582226674141983e+00
-2.524784771965393304e+00 1.556413555299787088e-01 -9.058613135820130224e-02 4.050373814720568122e-01 -1.758401886430514538e-01 8.218785201428993048e-01 1.466189494544420269e+00 -2.915445233865668895e-01 1.653518616656413975e+00 1.921073212438093591e-01 -1.396901961548078885e+00 3.366332110986771098e-01 1.158777536134664610e+00 -4.968402707914337246e-01 1.814254828982911460e+00 -4.583839927078422471e-01 -1.857027206698115940e+00 -1.443450585959491050e+00 6.518993010102204222e-01 -6.657859151426082089e-01
-4.815910465323966494e-02 -4.847297968575152716e-01 -1.171569860366001636e+00 6.423796310902594175e-01 -3.544707954236501202e-01 -4.656849576612926422e-01 2.352628632668471720e-01 8.068751357940978641e-01 -2.945773853881311632e-01 -3.726510744383909057e-01 -1.045127836711659208e+00 -9.344433220550532049e-01 1.279752101805788023e+00 -1.613781572359755390e-01 -4.309172664829362120e-01 -6.982514608004449785e-01 1.238701364263181226e+00 -1.223265752930818184e+00 -7.262868732761414980e-01 -6.606936001295564687e-01
-2.129152509781431779e-01 5.387690037791441622e-01 -2.513835935650433617e-01 1.856442273633445383e+00 -9.941432080959670126e-01 -6.508422964618867379e-01 6.343099186195241823e-02 -3.909107056215574416e-01 7.829254191342942260e-03 7.950375875245958568e-01 1.080638864907458307e+00 -4.957173473528611596e-01 -2.942225741566060204e-01 9.891964578506750039e-01 2.447857168725207644e-01 -4.745042198080871021e-01 1.022776051042586509e+00 3.658070293805091855e-01 -6.183459691287747084e-01 1.766908317722423183e+00
1.039990347744554455e+00 -3.483726108730074711e-01 5.946379381975371858e-01 3.296546854896004186e-01 3.526205161276721456e-01 -2.034763401987421672e-02 3.873456666036067531e-01 7.096275259420793402e-01 -7.667313134204277736e-01 6.315669274435468938e-02 -3.109512658562436638e-01 -3.381647690344099511e-01 -3.005218447323450892e+00 -2.478472928046876245e+00 -2.585609066477562390e+00 -8.045499367767595666e-01 -3.557922365075095184e-01 -1.251582884630124015e+00 -9.714983902082440226e-01 1.518749011354535661e+00
1.313210349459727200e-01 -2.072662567343529716e+00 1.457896250332044730e+00 1.391338071979262847e-01 -1.977904373799229454e+00 2.881842734113547522e+00 2.674007989048665657e-01 6.600792633629208872e-01 -8.974176669633980863e-01 -4.385395931700445393e-01 -9.395771335252863787e-01 6.991370787935841102e-01 -3.380491169017793673e+00 2.566993204557801445e-01 -1.089644316006053854e-01 4.075959746417949225e-01 3.001380541320295969e-01 -9.341462012182917274e-01 6.227198345809438207e-01 1.638287859296027049e-01
-1.086298170927899154e+00 2.046372719451373445e+00 -1.410008741898279294e-01 5.628884919452248337e-01 -1.096350786178343223e-01 3.178360153349967798e-01 -4.240247431197343153e-01 -5.016594107447913675e-01 7.436266404680986764e-01 1.149753772624767106e-01 -7.869121662741861423e-01 8.071761242135432335e-01 -6.245849650098644901e-01 -4.703277451596959979e-01 1.940370947199264728e-01 -1.659206419119597098e-01 -1.823032905486207778e+00 1.924897113629862599e-01 -2.921218017020471014e-01 1.617651482038665156e+00
-8.942282121836091502e-01 -9.468931770455526475e-01 7.160007968086948837e-01 -7.285565047833993634e-03 -1.239714428874016061e+00 -6.666443026967066032e-01 6.412754511225189358e-01 1.504517027116542893e+00 -9.600108821062218745e-01 9.923934061067452017e-01 -1.239185518208512360e-01 -2.402256702373504638e+00 -1.863161865484916010e-02 -6.958900906604396086e-01 8.956660558795472848e-01 1.696318030269139132e-01 -1.469860415591048630e+00 -8.230632137088185196e-01 -1.349580414279582641e+00 -6.158246398246283171e-01
1.468704060596737748e-01 -5.851987259770827787e-01 -6.320784394532735773e-01 1.028446743723863133e+00 3.065631535337757785e-01 9.003674870489222215e-01 1.904375946723936952e+00 -1.558261548035695665e-01 -1.748541975220034628e+00 1.664712876117617757e-01 1.634201624043481571e+00 -8.569468149476007213e-01 4.404472013564503796e-01 7.975697797777930864e-01 8.807824987429948571e-01 -4.950248095461360909e-01 -9.225940393301332865e-01 1.244689201315629656e+00 1.218602408639758217e+00 6.892729551479170880e-01
-8.225404253579595704e-01 -6.308484073283074922e-01 -1.290659690542592664e+00 2.900290839524879982e-01 1.710800736082403462e-01 1.869137108855014606e+00 -9.914634627673353240e-01 7.763645588837635447e-01 1.155599073735838811e+00 -4.307055572587507597e-01 3.458948224428959883e-01 1.491790661959648157e+00 5.619343261292764069e-01 -1.476208450167585118e-01 1.413612456718688737e+00 -1.136472290812744479e+00 -1.431579372572159947e+00 -5.712160886515825764e-01 7.476122166805623248e-01 -5.507476158973332314e-01
-7.381171105893348239e-01 6.390223498806499869e-01 7.358607226794733336e-01 -1.016993751622414566e+00 -7.543028600782057946e-01 2.280676685884872157e+00 -1.395072142757279643e+00 3.118673387747370462e-01 -5.420034566604464699e-02 -6.169792381614844778e-01 2.212860608760318648e+00 -1.175934903541654419e+00 -1.139786651496131009e+00 8.456302763205146844e-01 1.021405054044563387e+00 -7.283568863093164980e-01 -3.842748095589811896e-01 4.381752488190318595e-01 -5.530574311912582752e-01 7.508265815193916337e-01
-1.584558045667872062e+00 -2.729328225011673048e+00 -8.179602840765132221e-02 -1.995321615656921732e-01 9.806477356200636875e-01 -4.024401810364116039e-01 -8.347156843867079568e-01 -4.169560067294150185e-01 -4.693434768954293790e-02 -1.155325003913418191e+00 1.512255473422206009e-01 -3.738865794154355715e-01 1.593075236263747252e+00 4.039888121604572335e-01 -4.575235013014690710e-01 -1.847487679062113641e-01 8.006361076481907091e-01 -5.914602823278330979e-02 3.790148858145386823e-01 9.602726401756955799e-02
-9.349006659452727686e-01 -6.953093252960270698e-01 -4.112830055672372920e-02 3.182334895284508886e-02 -1.068723855121004318e+00 -8.662072624358212458e-01 1.773057152779710099e+00 -8.230273470177157380e-01 6.618140827021755657e-01 -1.110192869523653147e+00 6.439601239186271142e-01 -1.000757051655786212e-01 -5.024215421851183638e-01 2.202515851091087218e-01 -2.055372595249709555e-01 -8.711928242433005787e-01 -8.240106393851658328e-01 -2.305371008977342429e-01 1.612630000801741570e+00 -3.541229606956927678e-01
-1.343036501241222647e+00 3.226645542006665868e-01 -9.892926384280996410e-02 -3.608889954343710293e-01 3.579372940962915473e-01 -1.044740351742501350e+00 4.657327480707693645e-01 2.387242803157098692e+00 -3.318006211306931963e-01 -2.230244543317800421e+00 -9.321160706463325896e-02 -6.583062294365706890e-01 1.009874763705038259e+00 2.181727966416772690e-01 4.897531782871992756e-01 -2.018450484427830316e-01 9.283297126657087395e-01 1.438855962244476538e+00 1.293947948710334472e-01 8.856043913232016784e-01
1.251935948405282994e+00 -4.180568188742523894e-01 1.321845347593930464e+00 2.043896021709038779e-01 1.585031913671726800e+00 1.270191282094449869e+00 -1.687978286823098362e+00 2.174331076689567599e+00 -3.418765385266190560e+00 4.660233467364939819e-01 9.784481988493196614e-01 2.863118182426375169e-01 -9.121646609878709677e-01 -2.198645711125431834e+00 -7.269432056124849884e-02 1.320189211547843078e+00 1.081246932386960458e+00 -1.205550162130717418e+00 5.043780896661490543e-01 1.040230810677922557e+00
-7.197859855484638469e-01 -1.801468624715304168e-01 1.141936919959969154e+00 -6.536935231964531301e-01 -3.367309768021024552e-01 6.813205776548973969e-01 1.463688070388892148e-01 -1.042204962006499480e+00 -1.169162384695249246e+00 1.467352886610004958e-01 -7.323380436433616358e-01 8.124818751947852080e-01 4.455697531244727227e-01 -2.330610104091179302e+00 -2.349104579820498195e-01 -1.901941474432809365e+00 5.258978861415770645e-01 -5.182333631039250932e-01 1.667246891835464595e+00 2.350149869884677611e-01
5.242910429079402634e-01 -8.562291046678720541e-01 6.414129070038506741e-01 5.143789906642241838e-02 -1.221395649747805789e+00 -6.871450334007418448e-01 1.171097484499507013e+00 3.624876781994186836e-01 -1.606150568299363757e+00 -1.467737399857595326e+00 -5.182445754443899544e-01 -1.654504793054934586e+00 5.129800371327868092e-02 -1.055995376260739249e+00 8.053630815123106190e-01 -8.224634987078605075e-01 -7.730337455196331642e-02 -6.282915677289547807e-01 -3.275805478761016909e-01 -5.223981973960349912e-01
-9.096404350442578446e-01 3.640617489371085758e-01 -8.695159005581502010e-01 1.239415359694635344e+00 3.349556584117836966e+00 -4.177255774470985950e-01 4.851542417686133812e-01 3.515735139444689517e-01 1.618296868211279924e-02 4.885437512074902178e-01 7.231861896755545915e-01 -1.061400735438199794e+00 2.189634935754351641e+00 -2.825116390223919582e-01 -1.015484193932859325e-01 2.594132656905640683e-02 1.603806227054222822e+00 9.619603190978357476e-01 -2.350658364013998858e-01 1.213379699467896256e+00
-4.979253767256477947e-01 -4.356072293231136872e-01 8.812488111024895376e-01 -6.764949912540838550e-01 -4.595227837896547762e-01 -9.014207340426968473e-01 9.308482413751689721e-01 -2.489162852003727888e-01 9.233025786787986133e-01 5.843021714689667495e-02 -3.123892414839092857e-01 1.054937296814107084e+00 -1.444682222981337416e+00 1.846475230855625149e+00 8.165928361615772957e-01 -2.219598352551307663e+00 -5.219511358869064477e-01 -4.525197216062263883e-01 -5.770257831124229186e-01 -4.529921773461807466e-01
-7.007650465666646067e-01 -4.098815665465554980e-01 -2.300095702811629561e+00 -1.771137837657002390e+00 2.290859333765657535e+00 -1.116145523358670344e+00 1.073608415676149619e+00 -6.840047129519332136e-01 -1.740756356127078908e+00 -7.067923059649553474e-01 7.798151521808379671e-01 1.755375690982613202e-01 -5.656649332690829590e-01 1.336111136671303268e-01 -4.654727508970598476e-02 6.265854597798420356e-01 -1.571902686261840154e-01 -3.316066327580984296e-01 3.222801124043727095e-01 -3.600811531126773546e-01
2.603608676218857609e-01 -5.650412385828906814e-01 -5.699943711956028114e-01 1.410845042461668086e+00 -3.496706856296737942e-01 6.453883388033470059e-01 2.621221790003815388e-01 7.305929600975932248e-01 -1.484862399743046568e+00 -7.043423041558247721e-01 -9.847126191619810787e-02 -6.307189519856383209e-01 -2.380010627699194192e-01 1.488214379315477842e+00 1.117301531738641440e+00 -1.815523977336655215e-01 5.454564852541522457e-01 -5.950429483197360314e-01 1.198157264123429266e+00 -1.261620260086544931e+00
-2.152261273975034861e+00 -5.157960875491028885e-01 8.726343318762059820e-01 1.532575787511240850e-01 -1.292256172320062513e+00 -9.071620540115545861e-01 -1.438477308118471409e+00 -1.190028125509856594e+00 -2.154551077901252665e+00 -1.804931853988111623e+00 1.538840548430554067e+00 -1.178956709838114847e+00 -2.304636388986381901e-01 7.574141232713788030e-01 1.510843815230057618e+00 7.346774954369673649e-01 -9.838014900679478703e-02 1.005390456455768300e+00 6.719180605042524013e-01 1.339148532145747472e+00
-9.009038498712388376e-01 -2.683038065605271694e+00 5.871683014165994807e-01 5.299917667663212040e-01 -4.424010002252644624e-01 8.969586173131673945e-01 -2.865382789184806045e-01 -1.606410209712149317e+00 6.053917975281700725e-01 8.782611190368914134e-01 3.701160262392763634e-02 2.151568236797200218e+00 -2.714482747633804594e-01 -2.995186356696204477e-01 -8.070645887649167127e-01 -1.531312283334732127e+00 1.982074813303309258e+00 -1.255331720483001123e-01 -7.374983333709957956e-01 -1.702244112879732096e+00
-2.072918584242547657e-01 -2.923418989710573346e-01 4.898841631834462418e-01 1.145135490575679205e+00 -8.078307871169558840e-01 -8.560684290673306052e-01 -1.058365542811860793e+00 1.406565559505256635e+00 -1.764504031010270646e+00 -2.165654581257948408e+00 8.522902142800020675e-02 -1.073164262213253561e+00 1.403436229011290060e+00 2.823392538096122784e-01 1.322758364165327993e+00 -1.204605512403105622e-01 1.210558651897674087e+00 1.187667565356126831e+00 -3.359405930922740313e-01 -1.530446097510872461e+00
-5.035274224393180287e-01 -4.704650801906933855e-01 -3.758403225179007379e+00 -1.074862551532656418e+00 3.302742937625666869e-02 2.170834495724804469e+00 -2.166369235852478425e+00 -1.427831856671605837e-01 -1.631767168182823857e+00 1.184578097984282152e+00 8.564067044272153373e-01 -5.602990540831846999e-01 -1.538718651794837466e+00 4.889301954896879687e-01 9.760661397533129113e-01 9.344916926978950045e-01 2.532646783378144639e-01 3.162456835332160265e-01 -1.146602335548956964e+00 -1.150972128549555773e+00
7.588661701042704877e-01 -2.813135248758087403e-01 1.187349284014780126e+00 1.139114841157456537e+00 -9.412824927918348461e-01 8.978251145571433112e-01 4.976748420686002983e-01 -8.660557269701854022e-01 -2.265315769296167570e-01 -4.870545829874984856e-01 -1.132949540864534033e+00 -6.716571054456973999e-02 9.127824361993870372e-01 1.511206832536693412e+00 1.461578746255852268e+00 -3.684885058309282924e-01 -6.421155346587186230e-01 -4.909273896440637386e-01 -8.180061953031873001e-01 -1.319582450278987018e+00
6.766244067240191340e-01 -5.970878809911607243e-01 9.831942502177453136e-01 -4.394976043645018593e-02 1.291239868562504389e+00 -1.894946755888254675e+00 -1.135536573647033309e+00 -9.674865104876144428e-02 -4.458847108629989675e-01 -5.377584419677871042e-01 -3.458785975029871618e-01 -1.622846628057884155e+00 2.894005192774654622e-01 5.543451191587120963e-01 1.179842876468352619e+00 5.395324594156215570e-01 -1.730299949447609453e+00 -2.542136968656257601e+00 2.225749114344439117e-01 -1.306831845919074864e+00
-7.363552922339504647e-01 -8.332101904196403952e-01 7.561599268718742772e-01 8.630626252122981512e-01 -1.645441629382324411e+00 -1.864206028368340817e+00 -2.024522664414959205e+00 -8.510698096012638825e-01 -2.008011048364782836e-01 1.244871259438829814e+00 5.800158788972026302e-01 -8.159710957109799212e-01 2.086673966572810013e+00 -4.266994160096685418e-01 -1.532254133779344107e-01 2.052250117954405872e-01 4.475316009776847404e-01 7.627120596703571139e-04 -1.982488133015607890e+00 5.062106458385682295e-01
-5.211090065322550036e-01 -9.365508729495789497e-01 5.541492482849084134e-01 2.766158311221247335e-01 -1.926865423419444889e+00 4.106133437115052631e-01 -1.500045063091883568e+00 -6.797380998314037637e-01 -1.765153667077047350e+00 4.254574571827995366e-01 1.849313704907191491e+00 2.494368545467959275e-01 -4.991357524770922982e-01 -5.398805229616939760e-01 -1.199319659314830533e+00 -3.976660637650391017e-01 1.240416502286253886e+00 2.147497221694149694e+00 8.088047224833475601e-01 -1.841208172490429229e+00
1.415581657716703745e+00 -1.060446458073349918e+00 -3.024169333795393988e-01 -5.816386464079220664e-01 -1.840614364099245837e+00 -1.736272725170962428e+00 1.251929418684904483e-01 6.694370979523902587e-01 1.787797197914154701e+00 1.330413615145649153e+00 7.208055411742076979e-01 6.974003261563511691e-01 2.912197071825269878e-01 -5.964148361895608152e-01 8.853868424535034087e-01 -7.137322855965257951e-01 -2.432021734251521294e-01 -1.803545961863379343e+00 -3.913703251255537530e-01 -6.925073147072877688e-01
5.126966662061163138e-01 5.588492408117097243e-01 1.106453701074188833e+00 -1.774022232555824419e-01 -1.246905004685398666e+00 -1.545658711755350412e+00 -1.253654563393655330e+00 -1.115784905474391797e-01 -2.298690397389145101e-01 -4.703383865809458442e-01 1.117909482697504231e+00 7.136007620754120095e-01 -4.556342654215496113e-01 5.867092688054060812e-01 -8.052011890453955045e-01 -9.924517414159558792e-02 1.491483640112711173e+00 7.392355573661330004e-01 -3.641493753808490719e-01 -1.043803004922352562e+00
3.077337277653875991e-01 8.353658819046556605e-01 1.155205712865383205e+00 2.135775167480635089e-02 -6.609068006771990911e-01 -1.021868351072860559e+00 1.371249411928140149e-01 -1.800669735403118490e-02 -2.511431164261546112e-01 -6.511583428649743155e-01 -2.452563616407569258e-01 4.458627110156878626e-01 7.291582520543097301e-01 -5.003285620429460678e-01 1.532820694955626450e+00 -1.796483996843812325e-01 -5.400009615160789034e-01 -2.825695120197160848e-01 8.332615353241941136e-01 1.175679176532203218e+00
-7.782605178238811705e-01 -3.076112017933632647e-01 -2.095733994367347530e-01 2.115399651060071218e+00 7.724033385603885915e-02 -2.074080595820401718e-01 -3.910680981477662188e-01 -1.211489086503237667e-01 -1.583830314236080117e+00 -1.744622761445505377e-01 8.948165590060841446e-03 6.361056215993567964e-01 1.802117606598967026e+00 -1.719239710991096182e+00 6.190452928685773182e-02 -1.087879864045228739e+00 1.457551717753190923e+00 5.399521144127484851e-01 1.969470628911179355e-01 1.450288455533483845e+00
-8.209405837351587687e-01 2.552194019110454182e-01 -6.323490566277619740e-01 1.364090701061850597e+00 1.184461500430241954e-01 1.276398937543396506e-01 1.001309561172060603e+00 1.259972273534819109e+00 2.277311001172562521e-01 1.158868386674763329e+00 -2.059592786945863452e+00 -4.460614349009717206e-01 -1.389693413399392785e+00 6.025454378046705139e-01 -7.159892193881276512e-01 5.030763215902146063e-02 -1.242996781991698274e+00 -1.237689803804480793e+00 -5.358890678871837919e-03 3.024500004225479932e-01
1.571569429650102823e+00 -7.525030890154206231e-01 -1.632303831138729455e+00 -5.066811122982229909e-01 -1.004485132320984020e+00 1.430503845876163416e+00 -1.662535657517008270e+00 -1.112284739645829967e+00 -1.140678951051129708e+00 1.381360160893897238e+00 -5.851057447733211125e-01 -1.657684153817567951e+00 -1.131655565167958427e-01 -7.474304533949948093e-01 -2.045687908853810813e-02 3.119462858202124433e+00 8.383225955619418024e-02 6.211244215262311519e-01 -8.687301803598789229e-01 -6.135440989210149132e-01
1.804948969187958330e-01 -7.836071492770610991e-01 6.909817246538352276e-02 5.047064076014524669e-01 4.015655054300434901e-01 4.386026119393152678e-01 1.527658358063890658e-02 6.404325927665449614e-01 7.938500475785793542e-01 1.246181390481734930e+00 -1.114546523685653989e+00 -6.251444227831468026e-02 5.695378320636264036e-01 1.171795201819756826e+00 -1.869053734621703322e+00 1.619772158451756316e-01 5.447412483691473767e-02 -1.259892190766160436e+00 -8.757098371562977990e-01 6.384551092112580317e-01
-8.485001115713639575e-01 -4.249208793108593674e-01 9.537040773737871513e-01 -1.416772199917575081e+00 -1.154801645919934394e+00 1.717276592089351350e+00 8.512507791543252322e-01 -3.502862739381933377e-01 6.464197520250754003e-01 -2.096082489769510726e-01 1.147432632574264089e+00 -2.087983163503965400e+00 -6.782891765501546377e-01 1.622206369214842736e+00 -8.540718207006726959e-02 -1.746922255792861423e+00 3.613599902063873159e-01 -7.302600823961050702e-01 -9.446738414834693343e-01 -6.570349099533782100e-01
1.622222267663236295e+00 3.114073594256127619e-01 1.371420676828824237e-01 6.835618229140955071e-01 -2.676307847159509548e-02 1.768268293578443562e-01 5.742686136531391927e-01 5.815092048164300920e-01 -2.578227859491975527e-01 -1.851053992096728162e+00 -5.115886867845889086e-01 -7.710006282586854276e-01 -8.960223524163788422e-01 1.120917771421942266e+00 1.281367116550869989e+00 -4.668766663169559572e-01 1.572191887872484775e-02 4.671987920348698031e-01 -8.481409430439639241e-01 5.093876177775148451e-01
-1.384541364264884278e+00 9.878118655229785050e-01 -1.429047885265708473e+00 1.673118069506640326e+00 4.735819430404260566e-01 5.890424092616612928e-01 1.548359618530003035e+00 -7.278355490114195303e-02 -1.019309538502554124e-01 1.930168984210802074e+00 5.787695209997318901e-01 -9.476648260458380157e-01 1.197067996873902196e+00 -1.803561831788539793e+00 -2.765303456310846952e-01 -1.447476836436502046e+00 6.161886505645829404e-01 -3.023662591805215127e-01 -4.432873710496141317e-01 8.510122756782801945e-01
7.170055118229265445e-02 -8.214321194194174058e-01 6.904961452423791224e-01 -5.134683050426939177e-01 -7.503144480769785574e-01 -7.719294452629150705e-01 -6.395412465193603957e-01 -1.083995604662878698e+00 -2.306126730052109330e+00 -1.804631431220147020e+00 -1.251955438422210243e+00 3.870899122107573365e-01 -4.732431628284881620e-01 -8.992096072751410984e-01 3.463719897630931910e-01 4.163749281321324491e-01 -1.131365547023602591e+00 -1.078349243168239546e+00 -7.501846458946251350e-02 -1.247073226249533207e+00
-8.351805681769051137e-01 -3.908251146737432569e-01 -2.251363129381052541e+00 -5.918606656568420332e-01 -1.556289186666785840e+00 1.029157394262249392e+00 8.206748881246678229e-01 8.609103421003835299e-01 9.683588909058131466e-02 2.684158254042846581e-01 3.271862365450625143e-01 -3.130546687720623944e-01 4.754822379348921935e-01 -8.173298197218215044e-01 -3.266380660690661464e-01 -5.642376283922914126e-01 9.571058268148137094e-01 -5.827212551675741148e-01 1.476846598753617679e+00 9.837526145109304343e-01
5.600528602625727548e-02 1.305014051564003852e+00 5.642906491819847936e-01 8.767979650950376014e-01 8.276387184236569938e-01 -1.483966772628876885e-01 -4.557691948493839545e-02 9.230493601050998587e-01 -3.815623495211993288e-01 1.201359743416078318e+00 -1.765120038389501322e-01 7.781517765346921411e-01 1.796492391620531981e+00 -2.689363233513736295e-01 -6.334404789642918976e-01 -1.390605127474110692e+00 2.184209312641655298e+00 -9.388946019970120238e-01 -3.598875660357565009e-01 -2.583714630152076364e-01
6.437055040545766049e-01 -8.109898178147136039e-02 -4.574969235017571356e-01 9.297255710269372031e-01 1.833725530281864191e-01 -4.946491411753963230e-01 -4.360954120872249096e-01 7.589551171849291400e-01 1.357914986172367444e-01 9.916248374510866492e-01 -3.335764385283591094e-01 8.187631626068690993e-01 1.190896469027335813e+00 6.106243931260182389e-01 3.942224361219353046e-01 -1.043943338477780758e+00 2.952776860558176467e-02 -1.789545516726940066e+00 8.773661044864918823e-01 -4.593085483098336419e-01
-1.542078983578834883e+00 -5.983703662953691049e-01 -1.858036815637668981e+00 -8.238794890215453970e-01 -6.056138213078086086e-01 -1.588809037813331937e+00 9.849202677666647476e-01 -1.790729734077238788e-01 -7.680661437244560297e-01 1.072368957442331183e+00 1.551791678485154313e-01 -7.420299002398179633e-01 7.719038074812442085e-01 1.707242180699599654e+00 -2.197924516700354713e-01 -1.150824866022718274e+00 4.234853355438403244e-01 -1.817998260622130324e+00 -8.931412606489306238e-01 1.132425274520344749e-02
-2.689642890610731030e+00 -4.016322133628751900e-01 -1.400293257084322951e+00 -7.738841315418233391e-01 4.530820224527112305e-01 -1.259872393882911723e+00 -1.099508710318116839e-01 9.604497794579965886e-01 -8.300194003074998772e-01 8.837990222273102159e-01 -2.522516208865502874e-01 1.381678071280682207e+00 5.359149552186741328e-03 -2.058488915845183009e-01 -1.759057357688850187e+00 6.339113896740492526e-01 8.013965214959088978e-01 3.576097973928247797e-01 -1.228358692166995780e+00 -1.168807147634099985e+00
1.741688732553893504e-01 -1.943335063039047794e+00 -1.034642359701882341e+00 -1.158210683400169305e+00 -6.790687440839051625e-01 1.354763379993337624e+00 -2.146450569910348105e-01 -1.518642717020638910e+00 2.072230166063404599e+00 4.083559067929835029e-01 -5.411274759069045759e-01 -1.056432094672339783e+00 -1.661725556773684165e+00 2.283526490430519473e+00 -1.716929591383468567e+00 -1.852333287299735565e+00 -4.981032251882882567e-01 -2.474477146732500729e-02 -1.106043088373954153e-01 -1.226583095026358095e+00
